1 3 1.000000
1 4 1.000000
1 19 1.000000
2 4 1.000000
2 5 1.000000
2 9 1.000000
2 19 1.000000
2 26 1.000000
2 28 1.000000
2 45 1.000000
2 54 1.000000
2 73 1.000000
2 96 1.000000
2 107 1.000000
2 114 1.000000
3 4 1.000000
3 18 1.000000
3 114 1.000000
4 5 1.000000
4 6 1.000000
4 7 1.000000
4 8 1.000000
4 9 1.000000
4 10 1.000000
4 11 1.000000
4 12 1.000000
4 13 1.000000
4 14 1.000000
4 15 1.000000
4 16 1.000000
4 17 1.000000
4 18 1.000000
4 19 1.000000
4 20 1.000000
4 21 1.000000
4 22 1.000000
4 23 1.000000
4 24 1.000000
4 25 1.000000
4 26 1.000000
4 27 1.000000
4 28 1.000000
4 29 1.000000
4 30 1.000000
4 31 1.000000
4 32 1.000000
4 33 1.000000
4 34 1.000000
4 35 1.000000
4 36 1.000000
4 37 1.000000
4 38 1.000000
4 39 1.000000
4 40 1.000000
4 41 1.000000
4 42 1.000000
4 43 1.000000
4 44 1.000000
4 45 1.000000
4 46 1.000000
5 6 1.000000
5 7 1.000000
5 8 1.000000
5 9 1.000000
5 10 1.000000
5 15 1.000000
5 22 1.000000
5 24 1.000000
5 26 1.000000
5 28 1.000000
5 29 1.000000
5 31 1.000000
5 32 1.000000
5 34 1.000000
5 35 1.000000
5 36 1.000000
5 37 1.000000
5 38 1.000000
5 39 1.000000
5 42 1.000000
5 43 1.000000
5 45 1.000000
5 54 1.000000
5 63 1.000000
5 77 1.000000
5 104 1.000000
5 116 1.000000
5 121 1.000000
5 133 1.000000
6 7 1.000000
6 8 1.000000
6 9 1.000000
6 10 1.000000
6 13 1.000000
6 15 1.000000
6 17 1.000000
6 19 1.000000
6 20 1.000000
6 22 1.000000
6 23 1.000000
6 24 1.000000
6 25 1.000000
6 26 1.000000
6 28 1.000000
6 29 1.000000
6 32 1.000000
6 34 1.000000
6 35 1.000000
6 36 1.000000
6 37 1.000000
6 38 1.000000
6 39 1.000000
6 42 1.000000
6 43 1.000000
6 44 1.000000
6 45 1.000000
6 46 1.000000
6 63 1.000000
6 75 1.000000
6 110 1.000000
6 111 1.000000
6 131 1.000000
6 133 1.000000
6 146 1.000000
7 8 1.000000
7 9 1.000000
7 10 1.000000
7 11 1.000000
7 13 1.000000
7 14 1.000000
7 15 1.000000
7 17 1.000000
7 19 1.000000
7 20 1.000000
7 21 1.000000
7 22 1.000000
7 23 1.000000
7 24 1.000000
7 25 1.000000
7 26 1.000000
7 28 1.000000
7 29 1.000000
7 30 1.000000
7 31 1.000000
7 32 1.000000
7 33 1.000000
7 34 1.000000
7 35 1.000000
7 36 1.000000
7 37 1.000000
7 38 1.000000
7 39 1.000000
7 40 1.000000
7 41 1.000000
7 42 1.000000
7 43 1.000000
7 44 1.000000
7 45 1.000000
7 46 1.000000
7 54 1.000000
7 59 1.000000
7 62 1.000000
7 63 1.000000
7 75 1.000000
7 77 1.000000
7 82 1.000000
7 101 1.000000
7 104 1.000000
7 107 1.000000
7 110 1.000000
7 116 1.000000
7 133 1.000000
7 143 1.000000
7 146 1.000000
8 9 1.000000
8 10 1.000000
8 11 1.000000
8 15 1.000000
8 20 1.000000
8 23 1.000000
8 24 1.000000
8 25 1.000000
8 26 1.000000
8 28 1.000000
8 29 1.000000
8 30 1.000000
8 31 1.000000
8 32 1.000000
8 33 1.000000
8 34 1.000000
8 35 1.000000
8 36 1.000000
8 38 1.000000
8 39 1.000000
8 40 1.000000
8 42 1.000000
8 43 1.000000
8 44 1.000000
8 45 1.000000
8 46 1.000000
8 63 1.000000
8 82 1.000000
8 133 1.000000
8 146 1.000000
9 10 1.000000
9 11 1.000000
9 12 1.000000
9 13 1.000000
9 14 1.000000
9 15 1.000000
9 17 1.000000
9 19 1.000000
9 20 1.000000
9 21 1.000000
9 22 1.000000
9 23 1.000000
9 24 1.000000
9 25 1.000000
9 26 1.000000
9 28 1.000000
9 29 1.000000
9 30 1.000000
9 31 1.000000
9 32 1.000000
9 33 1.000000
9 34 1.000000
9 35 1.000000
9 36 1.000000
9 37 1.000000
9 38 1.000000
9 39 1.000000
9 40 1.000000
9 42 1.000000
9 43 1.000000
9 44 1.000000
9 45 1.000000
9 46 1.000000
9 54 1.000000
9 58 1.000000
9 59 1.000000
9 63 1.000000
9 75 1.000000
9 77 1.000000
9 79 1.000000
9 82 1.000000
9 101 1.000000
9 104 1.000000
9 110 1.000000
9 111 1.000000
9 116 1.000000
9 117 1.000000
9 133 1.000000
9 137 1.000000
9 139 1.000000
9 146 1.000000
10 11 1.000000
10 12 1.000000
10 14 1.000000
10 15 1.000000
10 17 1.000000
10 19 1.000000
10 20 1.000000
10 21 1.000000
10 22 1.000000
10 24 1.000000
10 25 1.000000
10 26 1.000000
10 28 1.000000
10 29 1.000000
10 30 1.000000
10 31 1.000000
10 32 1.000000
10 33 1.000000
10 34 1.000000
10 35 1.000000
10 36 1.000000
10 37 1.000000
10 38 1.000000
10 39 1.000000
10 42 1.000000
10 43 1.000000
10 44 1.000000
10 45 1.000000
10 54 1.000000
10 63 1.000000
10 75 1.000000
10 82 1.000000
10 104 1.000000
10 107 1.000000
10 116 1.000000
10 133 1.000000
10 139 1.000000
11 12 1.000000
11 14 1.000000
11 15 1.000000
11 17 1.000000
11 19 1.000000
11 20 1.000000
11 23 1.000000
11 25 1.000000
11 26 1.000000
11 28 1.000000
11 29 1.000000
11 31 1.000000
11 32 1.000000
11 33 1.000000
11 34 1.000000
11 35 1.000000
11 36 1.000000
11 38 1.000000
11 39 1.000000
11 40 1.000000
11 42 1.000000
11 43 1.000000
11 44 1.000000
11 45 1.000000
11 46 1.000000
11 54 1.000000
11 63 1.000000
11 82 1.000000
11 104 1.000000
11 133 1.000000
12 14 1.000000
12 22 1.000000
12 23 1.000000
12 26 1.000000
12 29 1.000000
12 33 1.000000
12 35 1.000000
12 37 1.000000
12 38 1.000000
12 40 1.000000
12 42 1.000000
12 45 1.000000
12 73 1.000000
12 82 1.000000
12 88 1.000000
12 139 1.000000
12 146 1.000000
13 14 1.000000
13 15 1.000000
13 16 1.000000
13 17 1.000000
13 19 1.000000
13 20 1.000000
13 22 1.000000
13 23 1.000000
13 24 1.000000
13 25 1.000000
13 28 1.000000
13 32 1.000000
13 33 1.000000
13 34 1.000000
13 35 1.000000
13 36 1.000000
13 37 1.000000
13 38 1.000000
13 39 1.000000
13 40 1.000000
13 42 1.000000
13 43 1.000000
13 46 1.000000
13 48 1.000000
13 63 1.000000
13 73 1.000000
13 75 1.000000
13 82 1.000000
13 88 1.000000
13 97 1.000000
13 104 1.000000
13 110 1.000000
13 133 1.000000
13 141 1.000000
13 146 1.000000
14 15 1.000000
14 19 1.000000
14 20 1.000000
14 21 1.000000
14 22 1.000000
14 23 1.000000
14 24 1.000000
14 25 1.000000
14 26 1.000000
14 29 1.000000
14 31 1.000000
14 32 1.000000
14 33 1.000000
14 34 1.000000
14 35 1.000000
14 36 1.000000
14 37 1.000000
14 38 1.000000
14 39 1.000000
14 40 1.000000
14 42 1.000000
14 43 1.000000
14 45 1.000000
14 46 1.000000
14 54 1.000000
14 63 1.000000
14 73 1.000000
14 77 1.000000
14 82 1.000000
14 104 1.000000
14 107 1.000000
14 116 1.000000
14 133 1.000000
14 139 1.000000
14 146 1.000000
15 16 1.000000
15 17 1.000000
15 19 1.000000
15 20 1.000000
15 21 1.000000
15 22 1.000000
15 23 1.000000
15 24 1.000000
15 28 1.000000
15 29 1.000000
15 30 1.000000
15 31 1.000000
15 32 1.000000
15 33 1.000000
15 35 1.000000
15 36 1.000000
15 37 1.000000
15 38 1.000000
15 41 1.000000
15 42 1.000000
15 43 1.000000
15 45 1.000000
15 46 1.000000
15 54 1.000000
15 63 1.000000
15 65 1.000000
15 75 1.000000
15 78 1.000000
15 82 1.000000
15 110 1.000000
15 133 1.000000
15 139 1.000000
15 146 1.000000
16 23 1.000000
16 28 1.000000
16 39 1.000000
16 43 1.000000
16 53 1.000000
16 57 1.000000
16 64 1.000000
16 65 1.000000
16 68 1.000000
16 69 1.000000
16 73 1.000000
16 75 1.000000
16 78 1.000000
16 82 1.000000
16 85 1.000000
16 86 1.000000
16 87 1.000000
16 88 1.000000
16 97 1.000000
16 98 1.000000
16 103 1.000000
16 109 1.000000
16 118 1.000000
16 119 1.000000
16 120 1.000000
16 122 1.000000
16 128 1.000000
16 141 1.000000
16 143 1.000000
16 145 1.000000
16 148 1.000000
17 19 1.000000
17 20 1.000000
17 22 1.000000
17 24 1.000000
17 25 1.000000
17 26 1.000000
17 29 1.000000
17 31 1.000000
17 32 1.000000
17 33 1.000000
17 36 1.000000
17 39 1.000000
17 40 1.000000
17 41 1.000000
17 42 1.000000
17 43 1.000000
17 46 1.000000
17 58 1.000000
17 59 1.000000
17 63 1.000000
17 75 1.000000
17 77 1.000000
17 82 1.000000
17 101 1.000000
17 104 1.000000
17 110 1.000000
17 111 1.000000
17 116 1.000000
17 133 1.000000
17 146 1.000000
18 19 1.000000
18 30 1.000000
18 44 1.000000
19 20 1.000000
19 21 1.000000
19 22 1.000000
19 23 1.000000
19 24 1.000000
19 25 1.000000
19 26 1.000000
19 29 1.000000
19 31 1.000000
19 32 1.000000
19 33 1.000000
19 34 1.000000
19 35 1.000000
19 36 1.000000
19 37 1.000000
19 38 1.000000
19 39 1.000000
19 41 1.000000
19 42 1.000000
19 43 1.000000
19 44 1.000000
19 46 1.000000
19 63 1.000000
19 66 1.000000
19 73 1.000000
19 75 1.000000
19 77 1.000000
19 78 1.000000
19 82 1.000000
19 107 1.000000
19 116 1.000000
19 132 1.000000
19 133 1.000000
19 139 1.000000
19 146 1.000000
20 21 1.000000
20 22 1.000000
20 23 1.000000
20 25 1.000000
20 26 1.000000
20 28 1.000000
20 29 1.000000
20 31 1.000000
20 32 1.000000
20 33 1.000000
20 34 1.000000
20 35 1.000000
20 40 1.000000
20 42 1.000000
20 43 1.000000
20 44 1.000000
20 45 1.000000
20 77 1.000000
20 82 1.000000
20 116 1.000000
20 133 1.000000
20 146 1.000000
21 22 1.000000
21 26 1.000000
21 29 1.000000
21 30 1.000000
21 32 1.000000
21 35 1.000000
21 42 1.000000
21 44 1.000000
21 45 1.000000
21 54 1.000000
21 63 1.000000
21 75 1.000000
22 23 1.000000
22 24 1.000000
22 25 1.000000
22 26 1.000000
22 28 1.000000
22 29 1.000000
22 30 1.000000
22 32 1.000000
22 33 1.000000
22 36 1.000000
22 37 1.000000
22 39 1.000000
22 40 1.000000
22 42 1.000000
22 43 1.000000
22 44 1.000000
22 45 1.000000
22 54 1.000000
22 63 1.000000
22 75 1.000000
22 77 1.000000
22 101 1.000000
22 102 1.000000
22 104 1.000000
22 111 1.000000
22 116 1.000000
22 117 1.000000
22 133 1.000000
22 137 1.000000
22 146 1.000000
23 24 1.000000
23 25 1.000000
23 26 1.000000
23 28 1.000000
23 29 1.000000
23 30 1.000000
23 31 1.000000
23 32 1.000000
23 33 1.000000
23 34 1.000000
23 36 1.000000
23 39 1.000000
23 40 1.000000
23 42 1.000000
23 43 1.000000
23 44 1.000000
23 45 1.000000
23 63 1.000000
23 68 1.000000
23 75 1.000000
23 77 1.000000
23 82 1.000000
23 101 1.000000
23 110 1.000000
23 116 1.000000
23 133 1.000000
23 139 1.000000
23 146 1.000000
24 25 1.000000
24 26 1.000000
24 28 1.000000
24 29 1.000000
24 32 1.000000
24 33 1.000000
24 36 1.000000
24 37 1.000000
24 38 1.000000
24 39 1.000000
24 42 1.000000
24 43 1.000000
24 46 1.000000
24 62 1.000000
24 63 1.000000
24 77 1.000000
24 110 1.000000
24 118 1.000000
24 133 1.000000
24 146 1.000000
25 26 1.000000
25 28 1.000000
25 31 1.000000
25 32 1.000000
25 33 1.000000
25 35 1.000000
25 36 1.000000
25 37 1.000000
25 38 1.000000
25 40 1.000000
25 41 1.000000
25 42 1.000000
25 43 1.000000
25 45 1.000000
25 46 1.000000
25 54 1.000000
25 63 1.000000
25 73 1.000000
25 75 1.000000
25 82 1.000000
25 133 1.000000
25 139 1.000000
25 146 1.000000
26 28 1.000000
26 29 1.000000
26 30 1.000000
26 31 1.000000
26 32 1.000000
26 33 1.000000
26 34 1.000000
26 35 1.000000
26 36 1.000000
26 37 1.000000
26 38 1.000000
26 39 1.000000
26 40 1.000000
26 42 1.000000
26 43 1.000000
26 44 1.000000
26 45 1.000000
26 46 1.000000
26 54 1.000000
26 63 1.000000
26 75 1.000000
26 77 1.000000
26 107 1.000000
26 116 1.000000
26 139 1.000000
27 44 1.000000
27 65 1.000000
28 29 1.000000
28 30 1.000000
28 31 1.000000
28 32 1.000000
28 33 1.000000
28 34 1.000000
28 35 1.000000
28 36 1.000000
28 37 1.000000
28 38 1.000000
28 39 1.000000
28 42 1.000000
28 43 1.000000
28 44 1.000000
28 45 1.000000
28 46 1.000000
28 54 1.000000
28 63 1.000000
28 68 1.000000
28 73 1.000000
28 75 1.000000
28 77 1.000000
28 82 1.000000
28 104 1.000000
28 105 1.000000
28 107 1.000000
28 116 1.000000
28 133 1.000000
28 135 1.000000
29 31 1.000000
29 32 1.000000
29 33 1.000000
29 34 1.000000
29 35 1.000000
29 36 1.000000
29 37 1.000000
29 38 1.000000
29 39 1.000000
29 42 1.000000
29 43 1.000000
29 45 1.000000
29 46 1.000000
29 54 1.000000
29 63 1.000000
29 75 1.000000
29 77 1.000000
29 82 1.000000
29 104 1.000000
29 107 1.000000
29 116 1.000000
29 133 1.000000
29 139 1.000000
30 32 1.000000
30 33 1.000000
30 34 1.000000
30 35 1.000000
30 39 1.000000
30 45 1.000000
30 54 1.000000
30 63 1.000000
30 104 1.000000
30 107 1.000000
30 133 1.000000
31 32 1.000000
31 33 1.000000
31 34 1.000000
31 36 1.000000
31 37 1.000000
31 39 1.000000
31 40 1.000000
31 44 1.000000
31 45 1.000000
31 54 1.000000
31 63 1.000000
31 73 1.000000
31 75 1.000000
31 82 1.000000
31 104 1.000000
31 110 1.000000
31 116 1.000000
31 146 1.000000
32 33 1.000000
32 34 1.000000
32 36 1.000000
32 38 1.000000
32 39 1.000000
32 42 1.000000
32 43 1.000000
32 44 1.000000
32 45 1.000000
32 63 1.000000
32 75 1.000000
32 77 1.000000
32 79 1.000000
32 110 1.000000
33 34 1.000000
33 35 1.000000
33 36 1.000000
33 37 1.000000
33 38 1.000000
33 39 1.000000
33 42 1.000000
33 43 1.000000
33 44 1.000000
33 45 1.000000
33 46 1.000000
33 54 1.000000
33 63 1.000000
33 73 1.000000
33 75 1.000000
33 77 1.000000
33 79 1.000000
33 82 1.000000
33 101 1.000000
33 104 1.000000
33 107 1.000000
33 110 1.000000
33 111 1.000000
33 116 1.000000
33 133 1.000000
33 146 1.000000
34 36 1.000000
34 38 1.000000
34 42 1.000000
34 43 1.000000
34 45 1.000000
34 54 1.000000
34 82 1.000000
34 133 1.000000
34 146 1.000000
35 36 1.000000
35 39 1.000000
35 42 1.000000
35 45 1.000000
35 54 1.000000
35 63 1.000000
35 82 1.000000
35 88 1.000000
35 104 1.000000
35 107 1.000000
35 119 1.000000
36 37 1.000000
36 38 1.000000
36 39 1.000000
36 42 1.000000
36 43 1.000000
36 45 1.000000
36 46 1.000000
36 62 1.000000
36 63 1.000000
36 77 1.000000
36 82 1.000000
36 104 1.000000
36 116 1.000000
36 146 1.000000
37 39 1.000000
37 40 1.000000
37 42 1.000000
37 43 1.000000
37 46 1.000000
37 54 1.000000
37 63 1.000000
37 77 1.000000
37 146 1.000000
38 39 1.000000
38 40 1.000000
38 42 1.000000
38 43 1.000000
38 44 1.000000
38 45 1.000000
38 54 1.000000
38 75 1.000000
38 110 1.000000
38 133 1.000000
38 139 1.000000
38 146 1.000000
39 40 1.000000
39 41 1.000000
39 42 1.000000
39 43 1.000000
39 45 1.000000
39 46 1.000000
39 63 1.000000
39 78 1.000000
39 82 1.000000
39 88 1.000000
39 101 1.000000
39 109 1.000000
39 110 1.000000
39 131 1.000000
39 133 1.000000
39 146 1.000000
40 42 1.000000
40 44 1.000000
40 82 1.000000
40 117 1.000000
40 137 1.000000
40 139 1.000000
40 146 1.000000
41 75 1.000000
42 43 1.000000
42 45 1.000000
42 46 1.000000
42 54 1.000000
42 63 1.000000
42 75 1.000000
42 77 1.000000
42 82 1.000000
42 104 1.000000
42 116 1.000000
42 133 1.000000
42 139 1.000000
42 146 1.000000
43 45 1.000000
43 46 1.000000
43 54 1.000000
43 63 1.000000
43 75 1.000000
43 77 1.000000
43 116 1.000000
43 133 1.000000
43 146 1.000000
44 45 1.000000
44 46 1.000000
44 66 1.000000
44 75 1.000000
44 101 1.000000
44 110 1.000000
45 46 1.000000
45 54 1.000000
45 63 1.000000
45 65 1.000000
45 104 1.000000
45 116 1.000000
45 139 1.000000
46 54 1.000000
46 62 1.000000
46 63 1.000000
46 75 1.000000
46 79 1.000000
46 110 1.000000
46 111 1.000000
46 116 1.000000
46 146 1.000000
47 49 1.000000
47 53 1.000000
47 60 1.000000
47 61 1.000000
47 64 1.000000
47 69 1.000000
47 70 1.000000
47 74 1.000000
47 76 1.000000
47 78 1.000000
47 80 1.000000
47 85 1.000000
47 86 1.000000
47 87 1.000000
47 90 1.000000
47 91 1.000000
47 92 1.000000
47 93 1.000000
47 97 1.000000
47 100 1.000000
47 103 1.000000
47 109 1.000000
47 118 1.000000
47 119 1.000000
47 129 1.000000
47 131 1.000000
47 136 1.000000
47 140 1.000000
47 143 1.000000
47 147 1.000000
47 148 1.000000
48 53 1.000000
48 57 1.000000
48 68 1.000000
48 84 1.000000
48 89 1.000000
48 97 1.000000
48 98 1.000000
48 128 1.000000
48 141 1.000000
49 53 1.000000
49 61 1.000000
49 64 1.000000
49 81 1.000000
49 85 1.000000
49 97 1.000000
49 119 1.000000
49 129 1.000000
49 143 1.000000
49 148 1.000000
50 52 1.000000
50 56 1.000000
50 72 1.000000
50 83 1.000000
50 94 1.000000
50 106 1.000000
50 108 1.000000
50 115 1.000000
50 123 1.000000
50 124 1.000000
50 126 1.000000
50 138 1.000000
50 144 1.000000
51 52 1.000000
51 55 1.000000
51 56 1.000000
51 67 1.000000
51 71 1.000000
51 72 1.000000
51 83 1.000000
51 94 1.000000
51 99 1.000000
51 102 1.000000
51 106 1.000000
51 108 1.000000
51 112 1.000000
51 115 1.000000
51 123 1.000000
51 124 1.000000
51 126 1.000000
51 127 1.000000
51 134 1.000000
51 138 1.000000
51 144 1.000000
52 55 1.000000
52 56 1.000000
52 67 1.000000
52 71 1.000000
52 72 1.000000
52 83 1.000000
52 94 1.000000
52 99 1.000000
52 102 1.000000
52 106 1.000000
52 108 1.000000
52 112 1.000000
52 115 1.000000
52 123 1.000000
52 124 1.000000
52 126 1.000000
52 127 1.000000
52 130 1.000000
52 134 1.000000
52 138 1.000000
52 144 1.000000
53 60 1.000000
53 61 1.000000
53 62 1.000000
53 64 1.000000
53 69 1.000000
53 70 1.000000
53 74 1.000000
53 76 1.000000
53 78 1.000000
53 80 1.000000
53 81 1.000000
53 84 1.000000
53 85 1.000000
53 87 1.000000
53 88 1.000000
53 89 1.000000
53 90 1.000000
53 91 1.000000
53 92 1.000000
53 93 1.000000
53 97 1.000000
53 100 1.000000
53 103 1.000000
53 105 1.000000
53 109 1.000000
53 118 1.000000
53 119 1.000000
53 128 1.000000
53 129 1.000000
53 131 1.000000
53 140 1.000000
53 143 1.000000
53 147 1.000000
53 148 1.000000
54 63 1.000000
54 73 1.000000
54 77 1.000000
54 104 1.000000
54 107 1.000000
54 121 1.000000
55 56 1.000000
55 67 1.000000
55 71 1.000000
55 72 1.000000
55 83 1.000000
55 94 1.000000
55 99 1.000000
55 102 1.000000
55 106 1.000000
55 108 1.000000
55 115 1.000000
55 123 1.000000
55 124 1.000000
55 126 1.000000
55 127 1.000000
55 134 1.000000
55 138 1.000000
55 144 1.000000
56 67 1.000000
56 71 1.000000
56 72 1.000000
56 83 1.000000
56 94 1.000000
56 95 1.000000
56 99 1.000000
56 102 1.000000
56 106 1.000000
56 108 1.000000
56 112 1.000000
56 115 1.000000
56 123 1.000000
56 124 1.000000
56 126 1.000000
56 127 1.000000
56 130 1.000000
56 134 1.000000
56 138 1.000000
56 144 1.000000
57 64 1.000000
57 68 1.000000
57 84 1.000000
57 86 1.000000
57 97 1.000000
57 98 1.000000
57 104 1.000000
57 105 1.000000
57 125 1.000000
57 141 1.000000
57 142 1.000000
57 145 1.000000
58 59 1.000000
58 101 1.000000
58 110 1.000000
58 111 1.000000
59 63 1.000000
59 101 1.000000
59 110 1.000000
59 111 1.000000
59 116 1.000000
60 64 1.000000
60 85 1.000000
60 86 1.000000
60 87 1.000000
60 100 1.000000
60 109 1.000000
60 118 1.000000
60 119 1.000000
60 141 1.000000
60 145 1.000000
60 148 1.000000
61 64 1.000000
61 68 1.000000
61 69 1.000000
61 74 1.000000
61 76 1.000000
61 78 1.000000
61 80 1.000000
61 85 1.000000
61 88 1.000000
61 90 1.000000
61 91 1.000000
61 92 1.000000
61 103 1.000000
61 119 1.000000
61 129 1.000000
61 140 1.000000
61 147 1.000000
62 63 1.000000
62 78 1.000000
62 81 1.000000
62 85 1.000000
62 91 1.000000
62 100 1.000000
62 109 1.000000
62 143 1.000000
63 75 1.000000
63 77 1.000000
63 101 1.000000
63 104 1.000000
63 107 1.000000
63 110 1.000000
63 111 1.000000
63 116 1.000000
63 133 1.000000
63 146 1.000000
64 69 1.000000
64 70 1.000000
64 74 1.000000
64 76 1.000000
64 78 1.000000
64 80 1.000000
64 81 1.000000
64 84 1.000000
64 85 1.000000
64 86 1.000000
64 87 1.000000
64 88 1.000000
64 89 1.000000
64 90 1.000000
64 91 1.000000
64 92 1.000000
64 93 1.000000
64 97 1.000000
64 100 1.000000
64 103 1.000000
64 109 1.000000
64 118 1.000000
64 119 1.000000
64 120 1.000000
64 129 1.000000
64 131 1.000000
64 136 1.000000
64 140 1.000000
64 141 1.000000
64 143 1.000000
64 145 1.000000
64 147 1.000000
64 148 1.000000
66 132 1.000000
67 72 1.000000
67 83 1.000000
67 94 1.000000
67 102 1.000000
67 106 1.000000
67 108 1.000000
67 115 1.000000
67 123 1.000000
67 124 1.000000
67 126 1.000000
67 127 1.000000
67 134 1.000000
67 138 1.000000
67 144 1.000000
68 75 1.000000
68 78 1.000000
68 84 1.000000
68 86 1.000000
68 88 1.000000
68 97 1.000000
68 105 1.000000
68 118 1.000000
68 120 1.000000
68 128 1.000000
68 140 1.000000
68 141 1.000000
69 74 1.000000
69 78 1.000000
69 80 1.000000
69 86 1.000000
69 87 1.000000
69 91 1.000000
69 92 1.000000
69 97 1.000000
69 100 1.000000
69 103 1.000000
69 109 1.000000
69 118 1.000000
69 119 1.000000
69 140 1.000000
69 143 1.000000
69 147 1.000000
70 76 1.000000
70 78 1.000000
70 86 1.000000
70 87 1.000000
70 92 1.000000
70 97 1.000000
70 103 1.000000
70 118 1.000000
70 119 1.000000
70 140 1.000000
70 143 1.000000
70 147 1.000000
71 72 1.000000
71 83 1.000000
71 94 1.000000
71 95 1.000000
71 99 1.000000
71 102 1.000000
71 106 1.000000
71 108 1.000000
71 112 1.000000
71 115 1.000000
71 123 1.000000
71 124 1.000000
71 126 1.000000
71 127 1.000000
71 130 1.000000
71 134 1.000000
71 138 1.000000
71 144 1.000000
72 83 1.000000
72 94 1.000000
72 95 1.000000
72 99 1.000000
72 102 1.000000
72 106 1.000000
72 108 1.000000
72 115 1.000000
72 123 1.000000
72 124 1.000000
72 126 1.000000
72 127 1.000000
72 130 1.000000
72 134 1.000000
72 138 1.000000
72 144 1.000000
73 78 1.000000
73 96 1.000000
73 97 1.000000
73 104 1.000000
73 109 1.000000
74 76 1.000000
74 78 1.000000
74 80 1.000000
74 81 1.000000
74 87 1.000000
74 91 1.000000
74 92 1.000000
74 109 1.000000
74 119 1.000000
74 140 1.000000
74 143 1.000000
74 147 1.000000
75 77 1.000000
75 104 1.000000
75 110 1.000000
75 116 1.000000
75 133 1.000000
75 135 1.000000
75 139 1.000000
76 78 1.000000
76 85 1.000000
76 87 1.000000
76 93 1.000000
76 97 1.000000
76 109 1.000000
76 118 1.000000
76 119 1.000000
76 140 1.000000
76 141 1.000000
76 143 1.000000
77 82 1.000000
77 107 1.000000
77 110 1.000000
77 133 1.000000
78 81 1.000000
78 85 1.000000
78 87 1.000000
78 88 1.000000
78 91 1.000000
78 93 1.000000
78 97 1.000000
78 103 1.000000
78 109 1.000000
78 118 1.000000
78 119 1.000000
78 129 1.000000
78 131 1.000000
78 143 1.000000
80 86 1.000000
80 92 1.000000
80 103 1.000000
80 118 1.000000
80 119 1.000000
80 129 1.000000
80 140 1.000000
80 143 1.000000
80 147 1.000000
81 85 1.000000
81 87 1.000000
81 97 1.000000
81 103 1.000000
81 119 1.000000
81 129 1.000000
81 141 1.000000
81 143 1.000000
82 104 1.000000
82 110 1.000000
82 133 1.000000
82 139 1.000000
82 146 1.000000
83 94 1.000000
83 95 1.000000
83 99 1.000000
83 102 1.000000
83 106 1.000000
83 108 1.000000
83 112 1.000000
83 123 1.000000
83 124 1.000000
83 126 1.000000
83 127 1.000000
83 130 1.000000
83 134 1.000000
83 138 1.000000
83 144 1.000000
84 86 1.000000
84 89 1.000000
84 90 1.000000
84 91 1.000000
84 92 1.000000
84 97 1.000000
84 98 1.000000
84 105 1.000000
84 122 1.000000
84 125 1.000000
84 128 1.000000
84 141 1.000000
84 147 1.000000
85 87 1.000000
85 88 1.000000
85 92 1.000000
85 93 1.000000
85 97 1.000000
85 109 1.000000
85 113 1.000000
85 119 1.000000
85 129 1.000000
85 131 1.000000
85 140 1.000000
85 143 1.000000
85 148 1.000000
86 87 1.000000
86 97 1.000000
86 98 1.000000
86 100 1.000000
86 103 1.000000
86 118 1.000000
86 131 1.000000
86 141 1.000000
86 142 1.000000
86 143 1.000000
86 145 1.000000
86 147 1.000000
86 148 1.000000
87 91 1.000000
87 92 1.000000
87 97 1.000000
87 100 1.000000
87 103 1.000000
87 109 1.000000
87 118 1.000000
87 119 1.000000
87 140 1.000000
87 141 1.000000
87 147 1.000000
87 148 1.000000
88 97 1.000000
88 103 1.000000
88 109 1.000000
88 118 1.000000
88 119 1.000000
88 131 1.000000
88 136 1.000000
88 141 1.000000
89 90 1.000000
89 128 1.000000
90 91 1.000000
90 92 1.000000
90 105 1.000000
90 128 1.000000
90 141 1.000000
90 147 1.000000
91 92 1.000000
91 103 1.000000
91 119 1.000000
91 140 1.000000
91 147 1.000000
92 97 1.000000
92 100 1.000000
92 109 1.000000
92 118 1.000000
92 119 1.000000
92 140 1.000000
92 147 1.000000
93 97 1.000000
93 109 1.000000
93 119 1.000000
93 122 1.000000
93 129 1.000000
93 140 1.000000
93 143 1.000000
94 99 1.000000
94 102 1.000000
94 106 1.000000
94 108 1.000000
94 112 1.000000
94 115 1.000000
94 123 1.000000
94 124 1.000000
94 126 1.000000
94 127 1.000000
94 130 1.000000
94 134 1.000000
94 138 1.000000
94 144 1.000000
95 99 1.000000
95 108 1.000000
95 112 1.000000
95 126 1.000000
95 127 1.000000
95 130 1.000000
95 144 1.000000
96 97 1.000000
96 104 1.000000
96 107 1.000000
97 98 1.000000
97 103 1.000000
97 107 1.000000
97 109 1.000000
97 118 1.000000
97 120 1.000000
97 122 1.000000
97 128 1.000000
97 129 1.000000
97 131 1.000000
97 136 1.000000
97 141 1.000000
97 145 1.000000
97 147 1.000000
97 148 1.000000
98 105 1.000000
98 141 1.000000
98 142 1.000000
98 145 1.000000
99 102 1.000000
99 106 1.000000
99 108 1.000000
99 112 1.000000
99 115 1.000000
99 123 1.000000
99 124 1.000000
99 126 1.000000
99 127 1.000000
99 130 1.000000
99 134 1.000000
99 138 1.000000
100 103 1.000000
100 109 1.000000
100 118 1.000000
100 131 1.000000
100 143 1.000000
101 110 1.000000
101 111 1.000000
101 112 1.000000
101 116 1.000000
102 106 1.000000
102 108 1.000000
102 115 1.000000
102 123 1.000000
102 124 1.000000
102 126 1.000000
102 127 1.000000
102 134 1.000000
102 138 1.000000
102 144 1.000000
103 109 1.000000
103 118 1.000000
103 131 1.000000
103 140 1.000000
103 141 1.000000
103 143 1.000000
103 147 1.000000
103 148 1.000000
104 105 1.000000
104 107 1.000000
104 110 1.000000
104 133 1.000000
104 141 1.000000
104 142 1.000000
105 141 1.000000
105 145 1.000000
106 108 1.000000
106 112 1.000000
106 115 1.000000
106 123 1.000000
106 124 1.000000
106 126 1.000000
106 127 1.000000
106 134 1.000000
106 138 1.000000
106 144 1.000000
107 116 1.000000
108 115 1.000000
108 123 1.000000
108 124 1.000000
108 126 1.000000
108 127 1.000000
108 130 1.000000
108 134 1.000000
108 138 1.000000
108 144 1.000000
109 119 1.000000
109 129 1.000000
109 131 1.000000
109 143 1.000000
110 111 1.000000
110 116 1.000000
110 133 1.000000
110 135 1.000000
110 146 1.000000
111 116 1.000000
112 115 1.000000
112 123 1.000000
112 124 1.000000
112 127 1.000000
112 130 1.000000
112 134 1.000000
112 138 1.000000
112 144 1.000000
115 123 1.000000
115 124 1.000000
115 126 1.000000
115 127 1.000000
115 130 1.000000
115 134 1.000000
115 144 1.000000
116 146 1.000000
118 119 1.000000
118 129 1.000000
118 131 1.000000
118 136 1.000000
118 140 1.000000
118 141 1.000000
118 143 1.000000
118 148 1.000000
119 129 1.000000
119 131 1.000000
119 136 1.000000
119 140 1.000000
119 141 1.000000
119 143 1.000000
119 146 1.000000
119 147 1.000000
119 148 1.000000
120 122 1.000000
122 145 1.000000
123 124 1.000000
123 126 1.000000
123 127 1.000000
123 130 1.000000
123 134 1.000000
123 138 1.000000
123 144 1.000000
124 126 1.000000
124 127 1.000000
124 130 1.000000
124 134 1.000000
124 138 1.000000
124 144 1.000000
126 127 1.000000
126 130 1.000000
126 134 1.000000
126 138 1.000000
126 144 1.000000
127 130 1.000000
127 134 1.000000
127 138 1.000000
127 144 1.000000
129 131 1.000000
129 148 1.000000
130 134 1.000000
130 138 1.000000
131 143 1.000000
133 135 1.000000
134 138 1.000000
134 144 1.000000
136 141 1.000000
138 144 1.000000
139 146 1.000000
140 143 1.000000
140 145 1.000000
140 147 1.000000
141 142 1.000000
141 145 1.000000
141 148 1.000000
142 145 1.000000
143 147 1.000000
143 148 1.000000
